init
-uom 9001,9002,9003,9005,9036,9039,9040,9041,9042,9062,9084,9094,9095,9098,9101,9102,9104,9105,9107,9108,9109,9110,9115,9116,9117,9118,9119,9120,9122,9201,9202,9301
-area 1036,1061,1096,1262,1281,1296,1298,1326,1347,1349,1350,1511,1559,1725,1731,1935,2126,2254,2374,2830,2861,3542,3594,3694
-ellipsoid 7008,7011,7019,7022
-pm 8901,8903
-datum 1061,5110,5111,5215,6171,6230,6258,6267,6269,6275,6283,6313,6648,6654,6807,6896
-axis 9901,9902,9003,9903,9904,9905,9906,9907,9910,9911,9912
-cs 1026,1027,4400,4495,4497,4498,4499,4500,4530,6403,6405,6413,6422,6423,6498,6499,6500
-crs 2154,2192,2253,2276,3044,4171,4230,4258,4267,4269,4275,4283,4313,4807,4896,4911,4917,4936,4937,4938,4939,4964,4965,5332,5621,5710,5711,7423,25832,26990,27571,28351,32038,32138
-param 8801,8802,8805,8806,8807,8821,8822,8823,8824,8826,8827,1037,8603,8605,8606,8607,8608,8609,8610,8611,8617,8618,8656,8657,8658,8666,8730,8731
-method 9602,9659,9801,9802,9807,1046,1048,9606,9607,9616,9615
-op 12143,14202,14232,15335,15358,15592,15593,16032,17351,18081,18085,18086,1241,1313,1652,35199,5656,15928
-allaliases




init
-uom 9001,9036,9101,9102,9104,9105,9115,9107,9110,9116,9118,9108,9117,9119,9120,9122,9202,9201
-axis 1,2,39,40,53,54,55,106,107,108,109,110,114,115,116,117
-ellipsoid 7008,7019,7022
-pm 8901,8903
-cs 4400,4498,6500,6422,6423,6499
-param 8603,8605,8606,8607,8608,8609,8610,8611,8656,8657,8658,8666,8801,8802,8805,8806,8807
-method 9602,9606,9607
-alias 9001,9036,9101,9102,9104,9105,9115,9107,9110,9116,9118,9108,9117,9119,9120,9122,9202,9201,1,2,39,40,53,54,55,106,107,108,109,110,114,115,116,117,7008,7019,7022,8901,8903,4400,4498,6500,6422,6423,6499