init
-uom 9001,9036,9101,9102,9104,9105,9115,9107,9110,9116,9118,9108,9117,9119,9120,9122,9202,9201
-axis 1,2,39,40,53,54,55,106,107,108,109,110,114,115,116,117
-ellipsoid 7008,7019,7022
-pm 8901,8903
-cs 4400,4498,6500,6422,6423,6499
-param 8603,8605,8606,8607,8608,8609,8610,8611,8656,8657,8658,8666,8801,8802,8805,8806,8807
-method 9602,9606,9607
-allaliases



-alias 9001,9036,9101,9102,9104,9105,9115,9107,9110,9116,9118,9108,9117,9119,9120,9122,9202,9201,1,2,39,40,53,54,55,106,107,108,109,110,114,115,116,117,7008,7019,7022,8901,8903,4400,4498,6500,6422,6423,6499